2
judgeless
0
0
unopiatic
0
0
phantasmagorianly
0
0
overgarnish
0
0
unerotic
0
0
wring
2
7
bastion
0
0
belying
0
0
anelectric
0
0
acupuncturing
0
3
monophthongizing
0
0
margareta
1
1
epigenesis
0
0
misstep
1
3
barocyclonometer
0
1
mammal
1
4
subsphere
0
1
reauthorized
0
2
lokayatika
2
5
dues
2
2
<accuracies>
31.03448275862069
32.142857142857146
33.33333333333333
34.61538461538461
36.0
37.5
34.78260869565217
36.36363636363637
38.095238095238095
40.0
42.10526315789473
44.44444444444444
47.05882352941176
43.75
46.666666666666664
42.857142857142854
46.15384615384615
41.66666666666667
45.45454545454545
45.45454545454545
